{
 "cells": [
  {
   "cell_type": "code",
   "execution_count": 11,
   "metadata": {},
   "outputs": [
    {
     "name": "stdout",
     "output_type": "stream",
     "text": [
      "{'c': [364.11, 364.11, 373.85, 372.69, 381.37, 383.01, 383.68, 381.91, 388.23, 390.9, 386.09, 385.31, 393.43, 388, 389.09, 371.38, 370.46, 379.24, 373.01, 380.16, 384.76], 'h': [367.36, 370.47, 375.78, 378.62, 381.5, 385.27, 383.92, 399.82, 389.02, 396.99, 389.62, 388.59, 394, 397, 391.9, 388.31, 371.88, 379.62, 378.2, 380.92, 385.19], 'l': [363.91, 363.64, 369.87, 372.23, 376.36, 378.69, 378.82, 381.03, 375.51, 385.96, 383.62, 383.36, 384.25, 386.97, 386.41, 368.04, 356.58, 373.92, 372.99, 374.85, 375.07], 'o': [365.12, 367.85, 370, 375.41, 376.72, 385.05, 381.34, 389.06, 379.36, 395.96, 386.25, 387.95, 385.67, 396.69, 386.77, 387.99, 363.95, 374.84, 377.47, 375, 376.75], 't': [1593561600, 1593648000, 1593993600, 1594080000, 1594166400, 1594252800, 1594339200, 1594598400, 1594684800, 1594771200, 1594857600, 1594944000, 1595203200, 1595289600, 1595376000, 1595462400, 1595548800, 1595808000, 1595894400, 1595980800, 1596067200], 'v': [27684300, 28510400, 29663900, 28106100, 29273000, 31410700, 22564300, 47912300, 42747300, 38299500, 27644400, 23046700, 22579500, 25911500, 22250400, 49251100, 46359700, 59134131, 25906400, 22582300, 39532500]}\n"
     ]
    }
   ],
   "source": [
    "import pandas as pd\n",
    "from datetime import datetime\n",
    "import finnhub\n",
    "import mplfinance as mpf\n",
    "\n",
    "client = finnhub.Client(api_key='brqm9efrh5rce3ls8mdg')\n",
    "\n",
    "def get_data(ticker):\n",
    "    return client.stock_candles(ticker, 'D', 1593586800, 1596178800)\n",
    "\n",
    "aapl_july = get_data('AAPL')\n",
    "del aapl_july['s']\n",
    "\n",
    "print(aapl_july)"
   ]
  },
  {
   "cell_type": "code",
   "execution_count": 12,
   "metadata": {},
   "outputs": [
    {
     "data": {
      "text/html": [
       "<div>\n",
       "<style scoped>\n",
       "    .dataframe tbody tr th:only-of-type {\n",
       "        vertical-align: middle;\n",
       "    }\n",
       "\n",
       "    .dataframe tbody tr th {\n",
       "        vertical-align: top;\n",
       "    }\n",
       "\n",
       "    .dataframe thead th {\n",
       "        text-align: right;\n",
       "    }\n",
       "</style>\n",
       "<table border=\"1\" class=\"dataframe\">\n",
       "  <thead>\n",
       "    <tr style=\"text-align: right;\">\n",
       "      <th></th>\n",
       "      <th>c</th>\n",
       "      <th>h</th>\n",
       "      <th>l</th>\n",
       "      <th>o</th>\n",
       "      <th>t</th>\n",
       "      <th>v</th>\n",
       "    </tr>\n",
       "  </thead>\n",
       "  <tbody>\n",
       "    <tr>\n",
       "      <th>0</th>\n",
       "      <td>364.11</td>\n",
       "      <td>367.36</td>\n",
       "      <td>363.91</td>\n",
       "      <td>365.12</td>\n",
       "      <td>1593561600</td>\n",
       "      <td>27684300</td>\n",
       "    </tr>\n",
       "    <tr>\n",
       "      <th>1</th>\n",
       "      <td>364.11</td>\n",
       "      <td>370.47</td>\n",
       "      <td>363.64</td>\n",
       "      <td>367.85</td>\n",
       "      <td>1593648000</td>\n",
       "      <td>28510400</td>\n",
       "    </tr>\n",
       "    <tr>\n",
       "      <th>2</th>\n",
       "      <td>373.85</td>\n",
       "      <td>375.78</td>\n",
       "      <td>369.87</td>\n",
       "      <td>370.00</td>\n",
       "      <td>1593993600</td>\n",
       "      <td>29663900</td>\n",
       "    </tr>\n",
       "    <tr>\n",
       "      <th>3</th>\n",
       "      <td>372.69</td>\n",
       "      <td>378.62</td>\n",
       "      <td>372.23</td>\n",
       "      <td>375.41</td>\n",
       "      <td>1594080000</td>\n",
       "      <td>28106100</td>\n",
       "    </tr>\n",
       "    <tr>\n",
       "      <th>4</th>\n",
       "      <td>381.37</td>\n",
       "      <td>381.50</td>\n",
       "      <td>376.36</td>\n",
       "      <td>376.72</td>\n",
       "      <td>1594166400</td>\n",
       "      <td>29273000</td>\n",
       "    </tr>\n",
       "    <tr>\n",
       "      <th>5</th>\n",
       "      <td>383.01</td>\n",
       "      <td>385.27</td>\n",
       "      <td>378.69</td>\n",
       "      <td>385.05</td>\n",
       "      <td>1594252800</td>\n",
       "      <td>31410700</td>\n",
       "    </tr>\n",
       "    <tr>\n",
       "      <th>6</th>\n",
       "      <td>383.68</td>\n",
       "      <td>383.92</td>\n",
       "      <td>378.82</td>\n",
       "      <td>381.34</td>\n",
       "      <td>1594339200</td>\n",
       "      <td>22564300</td>\n",
       "    </tr>\n",
       "    <tr>\n",
       "      <th>7</th>\n",
       "      <td>381.91</td>\n",
       "      <td>399.82</td>\n",
       "      <td>381.03</td>\n",
       "      <td>389.06</td>\n",
       "      <td>1594598400</td>\n",
       "      <td>47912300</td>\n",
       "    </tr>\n",
       "    <tr>\n",
       "      <th>8</th>\n",
       "      <td>388.23</td>\n",
       "      <td>389.02</td>\n",
       "      <td>375.51</td>\n",
       "      <td>379.36</td>\n",
       "      <td>1594684800</td>\n",
       "      <td>42747300</td>\n",
       "    </tr>\n",
       "    <tr>\n",
       "      <th>9</th>\n",
       "      <td>390.90</td>\n",
       "      <td>396.99</td>\n",
       "      <td>385.96</td>\n",
       "      <td>395.96</td>\n",
       "      <td>1594771200</td>\n",
       "      <td>38299500</td>\n",
       "    </tr>\n",
       "    <tr>\n",
       "      <th>10</th>\n",
       "      <td>386.09</td>\n",
       "      <td>389.62</td>\n",
       "      <td>383.62</td>\n",
       "      <td>386.25</td>\n",
       "      <td>1594857600</td>\n",
       "      <td>27644400</td>\n",
       "    </tr>\n",
       "    <tr>\n",
       "      <th>11</th>\n",
       "      <td>385.31</td>\n",
       "      <td>388.59</td>\n",
       "      <td>383.36</td>\n",
       "      <td>387.95</td>\n",
       "      <td>1594944000</td>\n",
       "      <td>23046700</td>\n",
       "    </tr>\n",
       "    <tr>\n",
       "      <th>12</th>\n",
       "      <td>393.43</td>\n",
       "      <td>394.00</td>\n",
       "      <td>384.25</td>\n",
       "      <td>385.67</td>\n",
       "      <td>1595203200</td>\n",
       "      <td>22579500</td>\n",
       "    </tr>\n",
       "    <tr>\n",
       "      <th>13</th>\n",
       "      <td>388.00</td>\n",
       "      <td>397.00</td>\n",
       "      <td>386.97</td>\n",
       "      <td>396.69</td>\n",
       "      <td>1595289600</td>\n",
       "      <td>25911500</td>\n",
       "    </tr>\n",
       "    <tr>\n",
       "      <th>14</th>\n",
       "      <td>389.09</td>\n",
       "      <td>391.90</td>\n",
       "      <td>386.41</td>\n",
       "      <td>386.77</td>\n",
       "      <td>1595376000</td>\n",
       "      <td>22250400</td>\n",
       "    </tr>\n",
       "    <tr>\n",
       "      <th>15</th>\n",
       "      <td>371.38</td>\n",
       "      <td>388.31</td>\n",
       "      <td>368.04</td>\n",
       "      <td>387.99</td>\n",
       "      <td>1595462400</td>\n",
       "      <td>49251100</td>\n",
       "    </tr>\n",
       "    <tr>\n",
       "      <th>16</th>\n",
       "      <td>370.46</td>\n",
       "      <td>371.88</td>\n",
       "      <td>356.58</td>\n",
       "      <td>363.95</td>\n",
       "      <td>1595548800</td>\n",
       "      <td>46359700</td>\n",
       "    </tr>\n",
       "    <tr>\n",
       "      <th>17</th>\n",
       "      <td>379.24</td>\n",
       "      <td>379.62</td>\n",
       "      <td>373.92</td>\n",
       "      <td>374.84</td>\n",
       "      <td>1595808000</td>\n",
       "      <td>59134131</td>\n",
       "    </tr>\n",
       "    <tr>\n",
       "      <th>18</th>\n",
       "      <td>373.01</td>\n",
       "      <td>378.20</td>\n",
       "      <td>372.99</td>\n",
       "      <td>377.47</td>\n",
       "      <td>1595894400</td>\n",
       "      <td>25906400</td>\n",
       "    </tr>\n",
       "    <tr>\n",
       "      <th>19</th>\n",
       "      <td>380.16</td>\n",
       "      <td>380.92</td>\n",
       "      <td>374.85</td>\n",
       "      <td>375.00</td>\n",
       "      <td>1595980800</td>\n",
       "      <td>22582300</td>\n",
       "    </tr>\n",
       "    <tr>\n",
       "      <th>20</th>\n",
       "      <td>384.76</td>\n",
       "      <td>385.19</td>\n",
       "      <td>375.07</td>\n",
       "      <td>376.75</td>\n",
       "      <td>1596067200</td>\n",
       "      <td>39532500</td>\n",
       "    </tr>\n",
       "  </tbody>\n",
       "</table>\n",
       "</div>"
      ],
      "text/plain": [
       "         c       h       l       o           t         v\n",
       "0   364.11  367.36  363.91  365.12  1593561600  27684300\n",
       "1   364.11  370.47  363.64  367.85  1593648000  28510400\n",
       "2   373.85  375.78  369.87  370.00  1593993600  29663900\n",
       "3   372.69  378.62  372.23  375.41  1594080000  28106100\n",
       "4   381.37  381.50  376.36  376.72  1594166400  29273000\n",
       "5   383.01  385.27  378.69  385.05  1594252800  31410700\n",
       "6   383.68  383.92  378.82  381.34  1594339200  22564300\n",
       "7   381.91  399.82  381.03  389.06  1594598400  47912300\n",
       "8   388.23  389.02  375.51  379.36  1594684800  42747300\n",
       "9   390.90  396.99  385.96  395.96  1594771200  38299500\n",
       "10  386.09  389.62  383.62  386.25  1594857600  27644400\n",
       "11  385.31  388.59  383.36  387.95  1594944000  23046700\n",
       "12  393.43  394.00  384.25  385.67  1595203200  22579500\n",
       "13  388.00  397.00  386.97  396.69  1595289600  25911500\n",
       "14  389.09  391.90  386.41  386.77  1595376000  22250400\n",
       "15  371.38  388.31  368.04  387.99  1595462400  49251100\n",
       "16  370.46  371.88  356.58  363.95  1595548800  46359700\n",
       "17  379.24  379.62  373.92  374.84  1595808000  59134131\n",
       "18  373.01  378.20  372.99  377.47  1595894400  25906400\n",
       "19  380.16  380.92  374.85  375.00  1595980800  22582300\n",
       "20  384.76  385.19  375.07  376.75  1596067200  39532500"
      ]
     },
     "execution_count": 12,
     "metadata": {},
     "output_type": "execute_result"
    }
   ],
   "source": [
    "df = pd.DataFrame.from_dict(aapl_july)\n",
    "df"
   ]
  },
  {
   "cell_type": "code",
   "execution_count": 14,
   "metadata": {},
   "outputs": [
    {
     "data": {
      "text/html": [
       "<div>\n",
       "<style scoped>\n",
       "    .dataframe tbody tr th:only-of-type {\n",
       "        vertical-align: middle;\n",
       "    }\n",
       "\n",
       "    .dataframe tbody tr th {\n",
       "        vertical-align: top;\n",
       "    }\n",
       "\n",
       "    .dataframe thead th {\n",
       "        text-align: right;\n",
       "    }\n",
       "</style>\n",
       "<table border=\"1\" class=\"dataframe\">\n",
       "  <thead>\n",
       "    <tr style=\"text-align: right;\">\n",
       "      <th></th>\n",
       "      <th>c</th>\n",
       "      <th>h</th>\n",
       "      <th>l</th>\n",
       "      <th>o</th>\n",
       "      <th>t</th>\n",
       "      <th>v</th>\n",
       "    </tr>\n",
       "  </thead>\n",
       "  <tbody>\n",
       "    <tr>\n",
       "      <th>0</th>\n",
       "      <td>364.11</td>\n",
       "      <td>367.36</td>\n",
       "      <td>363.91</td>\n",
       "      <td>365.12</td>\n",
       "      <td>2020-06-30 17:00:00</td>\n",
       "      <td>27684300</td>\n",
       "    </tr>\n",
       "    <tr>\n",
       "      <th>1</th>\n",
       "      <td>364.11</td>\n",
       "      <td>370.47</td>\n",
       "      <td>363.64</td>\n",
       "      <td>367.85</td>\n",
       "      <td>2020-07-01 17:00:00</td>\n",
       "      <td>28510400</td>\n",
       "    </tr>\n",
       "    <tr>\n",
       "      <th>2</th>\n",
       "      <td>373.85</td>\n",
       "      <td>375.78</td>\n",
       "      <td>369.87</td>\n",
       "      <td>370.00</td>\n",
       "      <td>2020-07-05 17:00:00</td>\n",
       "      <td>29663900</td>\n",
       "    </tr>\n",
       "    <tr>\n",
       "      <th>3</th>\n",
       "      <td>372.69</td>\n",
       "      <td>378.62</td>\n",
       "      <td>372.23</td>\n",
       "      <td>375.41</td>\n",
       "      <td>2020-07-06 17:00:00</td>\n",
       "      <td>28106100</td>\n",
       "    </tr>\n",
       "    <tr>\n",
       "      <th>4</th>\n",
       "      <td>381.37</td>\n",
       "      <td>381.50</td>\n",
       "      <td>376.36</td>\n",
       "      <td>376.72</td>\n",
       "      <td>2020-07-07 17:00:00</td>\n",
       "      <td>29273000</td>\n",
       "    </tr>\n",
       "    <tr>\n",
       "      <th>5</th>\n",
       "      <td>383.01</td>\n",
       "      <td>385.27</td>\n",
       "      <td>378.69</td>\n",
       "      <td>385.05</td>\n",
       "      <td>2020-07-08 17:00:00</td>\n",
       "      <td>31410700</td>\n",
       "    </tr>\n",
       "    <tr>\n",
       "      <th>6</th>\n",
       "      <td>383.68</td>\n",
       "      <td>383.92</td>\n",
       "      <td>378.82</td>\n",
       "      <td>381.34</td>\n",
       "      <td>2020-07-09 17:00:00</td>\n",
       "      <td>22564300</td>\n",
       "    </tr>\n",
       "    <tr>\n",
       "      <th>7</th>\n",
       "      <td>381.91</td>\n",
       "      <td>399.82</td>\n",
       "      <td>381.03</td>\n",
       "      <td>389.06</td>\n",
       "      <td>2020-07-12 17:00:00</td>\n",
       "      <td>47912300</td>\n",
       "    </tr>\n",
       "    <tr>\n",
       "      <th>8</th>\n",
       "      <td>388.23</td>\n",
       "      <td>389.02</td>\n",
       "      <td>375.51</td>\n",
       "      <td>379.36</td>\n",
       "      <td>2020-07-13 17:00:00</td>\n",
       "      <td>42747300</td>\n",
       "    </tr>\n",
       "    <tr>\n",
       "      <th>9</th>\n",
       "      <td>390.90</td>\n",
       "      <td>396.99</td>\n",
       "      <td>385.96</td>\n",
       "      <td>395.96</td>\n",
       "      <td>2020-07-14 17:00:00</td>\n",
       "      <td>38299500</td>\n",
       "    </tr>\n",
       "    <tr>\n",
       "      <th>10</th>\n",
       "      <td>386.09</td>\n",
       "      <td>389.62</td>\n",
       "      <td>383.62</td>\n",
       "      <td>386.25</td>\n",
       "      <td>2020-07-15 17:00:00</td>\n",
       "      <td>27644400</td>\n",
       "    </tr>\n",
       "    <tr>\n",
       "      <th>11</th>\n",
       "      <td>385.31</td>\n",
       "      <td>388.59</td>\n",
       "      <td>383.36</td>\n",
       "      <td>387.95</td>\n",
       "      <td>2020-07-16 17:00:00</td>\n",
       "      <td>23046700</td>\n",
       "    </tr>\n",
       "    <tr>\n",
       "      <th>12</th>\n",
       "      <td>393.43</td>\n",
       "      <td>394.00</td>\n",
       "      <td>384.25</td>\n",
       "      <td>385.67</td>\n",
       "      <td>2020-07-19 17:00:00</td>\n",
       "      <td>22579500</td>\n",
       "    </tr>\n",
       "    <tr>\n",
       "      <th>13</th>\n",
       "      <td>388.00</td>\n",
       "      <td>397.00</td>\n",
       "      <td>386.97</td>\n",
       "      <td>396.69</td>\n",
       "      <td>2020-07-20 17:00:00</td>\n",
       "      <td>25911500</td>\n",
       "    </tr>\n",
       "    <tr>\n",
       "      <th>14</th>\n",
       "      <td>389.09</td>\n",
       "      <td>391.90</td>\n",
       "      <td>386.41</td>\n",
       "      <td>386.77</td>\n",
       "      <td>2020-07-21 17:00:00</td>\n",
       "      <td>22250400</td>\n",
       "    </tr>\n",
       "    <tr>\n",
       "      <th>15</th>\n",
       "      <td>371.38</td>\n",
       "      <td>388.31</td>\n",
       "      <td>368.04</td>\n",
       "      <td>387.99</td>\n",
       "      <td>2020-07-22 17:00:00</td>\n",
       "      <td>49251100</td>\n",
       "    </tr>\n",
       "    <tr>\n",
       "      <th>16</th>\n",
       "      <td>370.46</td>\n",
       "      <td>371.88</td>\n",
       "      <td>356.58</td>\n",
       "      <td>363.95</td>\n",
       "      <td>2020-07-23 17:00:00</td>\n",
       "      <td>46359700</td>\n",
       "    </tr>\n",
       "    <tr>\n",
       "      <th>17</th>\n",
       "      <td>379.24</td>\n",
       "      <td>379.62</td>\n",
       "      <td>373.92</td>\n",
       "      <td>374.84</td>\n",
       "      <td>2020-07-26 17:00:00</td>\n",
       "      <td>59134131</td>\n",
       "    </tr>\n",
       "    <tr>\n",
       "      <th>18</th>\n",
       "      <td>373.01</td>\n",
       "      <td>378.20</td>\n",
       "      <td>372.99</td>\n",
       "      <td>377.47</td>\n",
       "      <td>2020-07-27 17:00:00</td>\n",
       "      <td>25906400</td>\n",
       "    </tr>\n",
       "    <tr>\n",
       "      <th>19</th>\n",
       "      <td>380.16</td>\n",
       "      <td>380.92</td>\n",
       "      <td>374.85</td>\n",
       "      <td>375.00</td>\n",
       "      <td>2020-07-28 17:00:00</td>\n",
       "      <td>22582300</td>\n",
       "    </tr>\n",
       "    <tr>\n",
       "      <th>20</th>\n",
       "      <td>384.76</td>\n",
       "      <td>385.19</td>\n",
       "      <td>375.07</td>\n",
       "      <td>376.75</td>\n",
       "      <td>2020-07-29 17:00:00</td>\n",
       "      <td>39532500</td>\n",
       "    </tr>\n",
       "  </tbody>\n",
       "</table>\n",
       "</div>"
      ],
      "text/plain": [
       "         c       h       l       o                   t         v\n",
       "0   364.11  367.36  363.91  365.12 2020-06-30 17:00:00  27684300\n",
       "1   364.11  370.47  363.64  367.85 2020-07-01 17:00:00  28510400\n",
       "2   373.85  375.78  369.87  370.00 2020-07-05 17:00:00  29663900\n",
       "3   372.69  378.62  372.23  375.41 2020-07-06 17:00:00  28106100\n",
       "4   381.37  381.50  376.36  376.72 2020-07-07 17:00:00  29273000\n",
       "5   383.01  385.27  378.69  385.05 2020-07-08 17:00:00  31410700\n",
       "6   383.68  383.92  378.82  381.34 2020-07-09 17:00:00  22564300\n",
       "7   381.91  399.82  381.03  389.06 2020-07-12 17:00:00  47912300\n",
       "8   388.23  389.02  375.51  379.36 2020-07-13 17:00:00  42747300\n",
       "9   390.90  396.99  385.96  395.96 2020-07-14 17:00:00  38299500\n",
       "10  386.09  389.62  383.62  386.25 2020-07-15 17:00:00  27644400\n",
       "11  385.31  388.59  383.36  387.95 2020-07-16 17:00:00  23046700\n",
       "12  393.43  394.00  384.25  385.67 2020-07-19 17:00:00  22579500\n",
       "13  388.00  397.00  386.97  396.69 2020-07-20 17:00:00  25911500\n",
       "14  389.09  391.90  386.41  386.77 2020-07-21 17:00:00  22250400\n",
       "15  371.38  388.31  368.04  387.99 2020-07-22 17:00:00  49251100\n",
       "16  370.46  371.88  356.58  363.95 2020-07-23 17:00:00  46359700\n",
       "17  379.24  379.62  373.92  374.84 2020-07-26 17:00:00  59134131\n",
       "18  373.01  378.20  372.99  377.47 2020-07-27 17:00:00  25906400\n",
       "19  380.16  380.92  374.85  375.00 2020-07-28 17:00:00  22582300\n",
       "20  384.76  385.19  375.07  376.75 2020-07-29 17:00:00  39532500"
      ]
     },
     "execution_count": 14,
     "metadata": {},
     "output_type": "execute_result"
    }
   ],
   "source": [
    "df['t'] = df['t'].apply(lambda x: datetime.fromtimestamp(x))\n",
    "df"
   ]
  },
  {
   "cell_type": "code",
   "execution_count": 19,
   "metadata": {},
   "outputs": [
    {
     "data": {
      "text/html": [
       "<div>\n",
       "<style scoped>\n",
       "    .dataframe tbody tr th:only-of-type {\n",
       "        vertical-align: middle;\n",
       "    }\n",
       "\n",
       "    .dataframe tbody tr th {\n",
       "        vertical-align: top;\n",
       "    }\n",
       "\n",
       "    .dataframe thead th {\n",
       "        text-align: right;\n",
       "    }\n",
       "</style>\n",
       "<table border=\"1\" class=\"dataframe\">\n",
       "  <thead>\n",
       "    <tr style=\"text-align: right;\">\n",
       "      <th></th>\n",
       "      <th>Open</th>\n",
       "      <th>High</th>\n",
       "      <th>Low</th>\n",
       "      <th>Close</th>\n",
       "      <th>Volume</th>\n",
       "    </tr>\n",
       "    <tr>\n",
       "      <th>Date</th>\n",
       "      <th></th>\n",
       "      <th></th>\n",
       "      <th></th>\n",
       "      <th></th>\n",
       "      <th></th>\n",
       "    </tr>\n",
       "  </thead>\n",
       "  <tbody>\n",
       "    <tr>\n",
       "      <th>2020-06-30 17:00:00</th>\n",
       "      <td>365.12</td>\n",
       "      <td>367.36</td>\n",
       "      <td>363.91</td>\n",
       "      <td>364.11</td>\n",
       "      <td>27684300</td>\n",
       "    </tr>\n",
       "    <tr>\n",
       "      <th>2020-07-01 17:00:00</th>\n",
       "      <td>367.85</td>\n",
       "      <td>370.47</td>\n",
       "      <td>363.64</td>\n",
       "      <td>364.11</td>\n",
       "      <td>28510400</td>\n",
       "    </tr>\n",
       "    <tr>\n",
       "      <th>2020-07-05 17:00:00</th>\n",
       "      <td>370.00</td>\n",
       "      <td>375.78</td>\n",
       "      <td>369.87</td>\n",
       "      <td>373.85</td>\n",
       "      <td>29663900</td>\n",
       "    </tr>\n",
       "    <tr>\n",
       "      <th>2020-07-06 17:00:00</th>\n",
       "      <td>375.41</td>\n",
       "      <td>378.62</td>\n",
       "      <td>372.23</td>\n",
       "      <td>372.69</td>\n",
       "      <td>28106100</td>\n",
       "    </tr>\n",
       "    <tr>\n",
       "      <th>2020-07-07 17:00:00</th>\n",
       "      <td>376.72</td>\n",
       "      <td>381.50</td>\n",
       "      <td>376.36</td>\n",
       "      <td>381.37</td>\n",
       "      <td>29273000</td>\n",
       "    </tr>\n",
       "    <tr>\n",
       "      <th>2020-07-08 17:00:00</th>\n",
       "      <td>385.05</td>\n",
       "      <td>385.27</td>\n",
       "      <td>378.69</td>\n",
       "      <td>383.01</td>\n",
       "      <td>31410700</td>\n",
       "    </tr>\n",
       "    <tr>\n",
       "      <th>2020-07-09 17:00:00</th>\n",
       "      <td>381.34</td>\n",
       "      <td>383.92</td>\n",
       "      <td>378.82</td>\n",
       "      <td>383.68</td>\n",
       "      <td>22564300</td>\n",
       "    </tr>\n",
       "    <tr>\n",
       "      <th>2020-07-12 17:00:00</th>\n",
       "      <td>389.06</td>\n",
       "      <td>399.82</td>\n",
       "      <td>381.03</td>\n",
       "      <td>381.91</td>\n",
       "      <td>47912300</td>\n",
       "    </tr>\n",
       "    <tr>\n",
       "      <th>2020-07-13 17:00:00</th>\n",
       "      <td>379.36</td>\n",
       "      <td>389.02</td>\n",
       "      <td>375.51</td>\n",
       "      <td>388.23</td>\n",
       "      <td>42747300</td>\n",
       "    </tr>\n",
       "    <tr>\n",
       "      <th>2020-07-14 17:00:00</th>\n",
       "      <td>395.96</td>\n",
       "      <td>396.99</td>\n",
       "      <td>385.96</td>\n",
       "      <td>390.90</td>\n",
       "      <td>38299500</td>\n",
       "    </tr>\n",
       "    <tr>\n",
       "      <th>2020-07-15 17:00:00</th>\n",
       "      <td>386.25</td>\n",
       "      <td>389.62</td>\n",
       "      <td>383.62</td>\n",
       "      <td>386.09</td>\n",
       "      <td>27644400</td>\n",
       "    </tr>\n",
       "    <tr>\n",
       "      <th>2020-07-16 17:00:00</th>\n",
       "      <td>387.95</td>\n",
       "      <td>388.59</td>\n",
       "      <td>383.36</td>\n",
       "      <td>385.31</td>\n",
       "      <td>23046700</td>\n",
       "    </tr>\n",
       "    <tr>\n",
       "      <th>2020-07-19 17:00:00</th>\n",
       "      <td>385.67</td>\n",
       "      <td>394.00</td>\n",
       "      <td>384.25</td>\n",
       "      <td>393.43</td>\n",
       "      <td>22579500</td>\n",
       "    </tr>\n",
       "    <tr>\n",
       "      <th>2020-07-20 17:00:00</th>\n",
       "      <td>396.69</td>\n",
       "      <td>397.00</td>\n",
       "      <td>386.97</td>\n",
       "      <td>388.00</td>\n",
       "      <td>25911500</td>\n",
       "    </tr>\n",
       "    <tr>\n",
       "      <th>2020-07-21 17:00:00</th>\n",
       "      <td>386.77</td>\n",
       "      <td>391.90</td>\n",
       "      <td>386.41</td>\n",
       "      <td>389.09</td>\n",
       "      <td>22250400</td>\n",
       "    </tr>\n",
       "    <tr>\n",
       "      <th>2020-07-22 17:00:00</th>\n",
       "      <td>387.99</td>\n",
       "      <td>388.31</td>\n",
       "      <td>368.04</td>\n",
       "      <td>371.38</td>\n",
       "      <td>49251100</td>\n",
       "    </tr>\n",
       "    <tr>\n",
       "      <th>2020-07-23 17:00:00</th>\n",
       "      <td>363.95</td>\n",
       "      <td>371.88</td>\n",
       "      <td>356.58</td>\n",
       "      <td>370.46</td>\n",
       "      <td>46359700</td>\n",
       "    </tr>\n",
       "    <tr>\n",
       "      <th>2020-07-26 17:00:00</th>\n",
       "      <td>374.84</td>\n",
       "      <td>379.62</td>\n",
       "      <td>373.92</td>\n",
       "      <td>379.24</td>\n",
       "      <td>59134131</td>\n",
       "    </tr>\n",
       "    <tr>\n",
       "      <th>2020-07-27 17:00:00</th>\n",
       "      <td>377.47</td>\n",
       "      <td>378.20</td>\n",
       "      <td>372.99</td>\n",
       "      <td>373.01</td>\n",
       "      <td>25906400</td>\n",
       "    </tr>\n",
       "    <tr>\n",
       "      <th>2020-07-28 17:00:00</th>\n",
       "      <td>375.00</td>\n",
       "      <td>380.92</td>\n",
       "      <td>374.85</td>\n",
       "      <td>380.16</td>\n",
       "      <td>22582300</td>\n",
       "    </tr>\n",
       "    <tr>\n",
       "      <th>2020-07-29 17:00:00</th>\n",
       "      <td>376.75</td>\n",
       "      <td>385.19</td>\n",
       "      <td>375.07</td>\n",
       "      <td>384.76</td>\n",
       "      <td>39532500</td>\n",
       "    </tr>\n",
       "  </tbody>\n",
       "</table>\n",
       "</div>"
      ],
      "text/plain": [
       "                       Open    High     Low   Close    Volume\n",
       "Date                                                         \n",
       "2020-06-30 17:00:00  365.12  367.36  363.91  364.11  27684300\n",
       "2020-07-01 17:00:00  367.85  370.47  363.64  364.11  28510400\n",
       "2020-07-05 17:00:00  370.00  375.78  369.87  373.85  29663900\n",
       "2020-07-06 17:00:00  375.41  378.62  372.23  372.69  28106100\n",
       "2020-07-07 17:00:00  376.72  381.50  376.36  381.37  29273000\n",
       "2020-07-08 17:00:00  385.05  385.27  378.69  383.01  31410700\n",
       "2020-07-09 17:00:00  381.34  383.92  378.82  383.68  22564300\n",
       "2020-07-12 17:00:00  389.06  399.82  381.03  381.91  47912300\n",
       "2020-07-13 17:00:00  379.36  389.02  375.51  388.23  42747300\n",
       "2020-07-14 17:00:00  395.96  396.99  385.96  390.90  38299500\n",
       "2020-07-15 17:00:00  386.25  389.62  383.62  386.09  27644400\n",
       "2020-07-16 17:00:00  387.95  388.59  383.36  385.31  23046700\n",
       "2020-07-19 17:00:00  385.67  394.00  384.25  393.43  22579500\n",
       "2020-07-20 17:00:00  396.69  397.00  386.97  388.00  25911500\n",
       "2020-07-21 17:00:00  386.77  391.90  386.41  389.09  22250400\n",
       "2020-07-22 17:00:00  387.99  388.31  368.04  371.38  49251100\n",
       "2020-07-23 17:00:00  363.95  371.88  356.58  370.46  46359700\n",
       "2020-07-26 17:00:00  374.84  379.62  373.92  379.24  59134131\n",
       "2020-07-27 17:00:00  377.47  378.20  372.99  373.01  25906400\n",
       "2020-07-28 17:00:00  375.00  380.92  374.85  380.16  22582300\n",
       "2020-07-29 17:00:00  376.75  385.19  375.07  384.76  39532500"
      ]
     },
     "execution_count": 19,
     "metadata": {},
     "output_type": "execute_result"
    }
   ],
   "source": [
    "df = df.rename(columns={'c': 'Close', 'h': 'High', 'l': 'Low', 'o': 'Open', 't': 'Date', 'v': 'Volume'})\n",
    "df"
   ]
  },
  {
   "cell_type": "code",
   "execution_count": 20,
   "metadata": {},
   "outputs": [
    {
     "data": {
      "text/html": [
       "<div>\n",
       "<style scoped>\n",
       "    .dataframe tbody tr th:only-of-type {\n",
       "        vertical-align: middle;\n",
       "    }\n",
       "\n",
       "    .dataframe tbody tr th {\n",
       "        vertical-align: top;\n",
       "    }\n",
       "\n",
       "    .dataframe thead th {\n",
       "        text-align: right;\n",
       "    }\n",
       "</style>\n",
       "<table border=\"1\" class=\"dataframe\">\n",
       "  <thead>\n",
       "    <tr style=\"text-align: right;\">\n",
       "      <th></th>\n",
       "      <th>Open</th>\n",
       "      <th>High</th>\n",
       "      <th>Low</th>\n",
       "      <th>Close</th>\n",
       "      <th>Volume</th>\n",
       "    </tr>\n",
       "    <tr>\n",
       "      <th>Date</th>\n",
       "      <th></th>\n",
       "      <th></th>\n",
       "      <th></th>\n",
       "      <th></th>\n",
       "      <th></th>\n",
       "    </tr>\n",
       "  </thead>\n",
       "  <tbody>\n",
       "    <tr>\n",
       "      <th>2020-06-30 17:00:00</th>\n",
       "      <td>365.12</td>\n",
       "      <td>367.36</td>\n",
       "      <td>363.91</td>\n",
       "      <td>364.11</td>\n",
       "      <td>27684300</td>\n",
       "    </tr>\n",
       "    <tr>\n",
       "      <th>2020-07-01 17:00:00</th>\n",
       "      <td>367.85</td>\n",
       "      <td>370.47</td>\n",
       "      <td>363.64</td>\n",
       "      <td>364.11</td>\n",
       "      <td>28510400</td>\n",
       "    </tr>\n",
       "    <tr>\n",
       "      <th>2020-07-05 17:00:00</th>\n",
       "      <td>370.00</td>\n",
       "      <td>375.78</td>\n",
       "      <td>369.87</td>\n",
       "      <td>373.85</td>\n",
       "      <td>29663900</td>\n",
       "    </tr>\n",
       "    <tr>\n",
       "      <th>2020-07-06 17:00:00</th>\n",
       "      <td>375.41</td>\n",
       "      <td>378.62</td>\n",
       "      <td>372.23</td>\n",
       "      <td>372.69</td>\n",
       "      <td>28106100</td>\n",
       "    </tr>\n",
       "    <tr>\n",
       "      <th>2020-07-07 17:00:00</th>\n",
       "      <td>376.72</td>\n",
       "      <td>381.50</td>\n",
       "      <td>376.36</td>\n",
       "      <td>381.37</td>\n",
       "      <td>29273000</td>\n",
       "    </tr>\n",
       "    <tr>\n",
       "      <th>2020-07-08 17:00:00</th>\n",
       "      <td>385.05</td>\n",
       "      <td>385.27</td>\n",
       "      <td>378.69</td>\n",
       "      <td>383.01</td>\n",
       "      <td>31410700</td>\n",
       "    </tr>\n",
       "    <tr>\n",
       "      <th>2020-07-09 17:00:00</th>\n",
       "      <td>381.34</td>\n",
       "      <td>383.92</td>\n",
       "      <td>378.82</td>\n",
       "      <td>383.68</td>\n",
       "      <td>22564300</td>\n",
       "    </tr>\n",
       "    <tr>\n",
       "      <th>2020-07-12 17:00:00</th>\n",
       "      <td>389.06</td>\n",
       "      <td>399.82</td>\n",
       "      <td>381.03</td>\n",
       "      <td>381.91</td>\n",
       "      <td>47912300</td>\n",
       "    </tr>\n",
       "    <tr>\n",
       "      <th>2020-07-13 17:00:00</th>\n",
       "      <td>379.36</td>\n",
       "      <td>389.02</td>\n",
       "      <td>375.51</td>\n",
       "      <td>388.23</td>\n",
       "      <td>42747300</td>\n",
       "    </tr>\n",
       "    <tr>\n",
       "      <th>2020-07-14 17:00:00</th>\n",
       "      <td>395.96</td>\n",
       "      <td>396.99</td>\n",
       "      <td>385.96</td>\n",
       "      <td>390.90</td>\n",
       "      <td>38299500</td>\n",
       "    </tr>\n",
       "    <tr>\n",
       "      <th>2020-07-15 17:00:00</th>\n",
       "      <td>386.25</td>\n",
       "      <td>389.62</td>\n",
       "      <td>383.62</td>\n",
       "      <td>386.09</td>\n",
       "      <td>27644400</td>\n",
       "    </tr>\n",
       "    <tr>\n",
       "      <th>2020-07-16 17:00:00</th>\n",
       "      <td>387.95</td>\n",
       "      <td>388.59</td>\n",
       "      <td>383.36</td>\n",
       "      <td>385.31</td>\n",
       "      <td>23046700</td>\n",
       "    </tr>\n",
       "    <tr>\n",
       "      <th>2020-07-19 17:00:00</th>\n",
       "      <td>385.67</td>\n",
       "      <td>394.00</td>\n",
       "      <td>384.25</td>\n",
       "      <td>393.43</td>\n",
       "      <td>22579500</td>\n",
       "    </tr>\n",
       "    <tr>\n",
       "      <th>2020-07-20 17:00:00</th>\n",
       "      <td>396.69</td>\n",
       "      <td>397.00</td>\n",
       "      <td>386.97</td>\n",
       "      <td>388.00</td>\n",
       "      <td>25911500</td>\n",
       "    </tr>\n",
       "    <tr>\n",
       "      <th>2020-07-21 17:00:00</th>\n",
       "      <td>386.77</td>\n",
       "      <td>391.90</td>\n",
       "      <td>386.41</td>\n",
       "      <td>389.09</td>\n",
       "      <td>22250400</td>\n",
       "    </tr>\n",
       "    <tr>\n",
       "      <th>2020-07-22 17:00:00</th>\n",
       "      <td>387.99</td>\n",
       "      <td>388.31</td>\n",
       "      <td>368.04</td>\n",
       "      <td>371.38</td>\n",
       "      <td>49251100</td>\n",
       "    </tr>\n",
       "    <tr>\n",
       "      <th>2020-07-23 17:00:00</th>\n",
       "      <td>363.95</td>\n",
       "      <td>371.88</td>\n",
       "      <td>356.58</td>\n",
       "      <td>370.46</td>\n",
       "      <td>46359700</td>\n",
       "    </tr>\n",
       "    <tr>\n",
       "      <th>2020-07-26 17:00:00</th>\n",
       "      <td>374.84</td>\n",
       "      <td>379.62</td>\n",
       "      <td>373.92</td>\n",
       "      <td>379.24</td>\n",
       "      <td>59134131</td>\n",
       "    </tr>\n",
       "    <tr>\n",
       "      <th>2020-07-27 17:00:00</th>\n",
       "      <td>377.47</td>\n",
       "      <td>378.20</td>\n",
       "      <td>372.99</td>\n",
       "      <td>373.01</td>\n",
       "      <td>25906400</td>\n",
       "    </tr>\n",
       "    <tr>\n",
       "      <th>2020-07-28 17:00:00</th>\n",
       "      <td>375.00</td>\n",
       "      <td>380.92</td>\n",
       "      <td>374.85</td>\n",
       "      <td>380.16</td>\n",
       "      <td>22582300</td>\n",
       "    </tr>\n",
       "    <tr>\n",
       "      <th>2020-07-29 17:00:00</th>\n",
       "      <td>376.75</td>\n",
       "      <td>385.19</td>\n",
       "      <td>375.07</td>\n",
       "      <td>384.76</td>\n",
       "      <td>39532500</td>\n",
       "    </tr>\n",
       "  </tbody>\n",
       "</table>\n",
       "</div>"
      ],
      "text/plain": [
       "                       Open    High     Low   Close    Volume\n",
       "Date                                                         \n",
       "2020-06-30 17:00:00  365.12  367.36  363.91  364.11  27684300\n",
       "2020-07-01 17:00:00  367.85  370.47  363.64  364.11  28510400\n",
       "2020-07-05 17:00:00  370.00  375.78  369.87  373.85  29663900\n",
       "2020-07-06 17:00:00  375.41  378.62  372.23  372.69  28106100\n",
       "2020-07-07 17:00:00  376.72  381.50  376.36  381.37  29273000\n",
       "2020-07-08 17:00:00  385.05  385.27  378.69  383.01  31410700\n",
       "2020-07-09 17:00:00  381.34  383.92  378.82  383.68  22564300\n",
       "2020-07-12 17:00:00  389.06  399.82  381.03  381.91  47912300\n",
       "2020-07-13 17:00:00  379.36  389.02  375.51  388.23  42747300\n",
       "2020-07-14 17:00:00  395.96  396.99  385.96  390.90  38299500\n",
       "2020-07-15 17:00:00  386.25  389.62  383.62  386.09  27644400\n",
       "2020-07-16 17:00:00  387.95  388.59  383.36  385.31  23046700\n",
       "2020-07-19 17:00:00  385.67  394.00  384.25  393.43  22579500\n",
       "2020-07-20 17:00:00  396.69  397.00  386.97  388.00  25911500\n",
       "2020-07-21 17:00:00  386.77  391.90  386.41  389.09  22250400\n",
       "2020-07-22 17:00:00  387.99  388.31  368.04  371.38  49251100\n",
       "2020-07-23 17:00:00  363.95  371.88  356.58  370.46  46359700\n",
       "2020-07-26 17:00:00  374.84  379.62  373.92  379.24  59134131\n",
       "2020-07-27 17:00:00  377.47  378.20  372.99  373.01  25906400\n",
       "2020-07-28 17:00:00  375.00  380.92  374.85  380.16  22582300\n",
       "2020-07-29 17:00:00  376.75  385.19  375.07  384.76  39532500"
      ]
     },
     "execution_count": 20,
     "metadata": {},
     "output_type": "execute_result"
    }
   ],
   "source": [
    "df = df[['Open', 'High', 'Low', 'Close', 'Volume']]\n",
    "df"
   ]
  },
  {
   "cell_type": "code",
   "execution_count": 21,
   "metadata": {},
   "outputs": [
    {
     "data": {
